0.043091 77
0.059886 168
0.019705 768
0.000744 8
1.724486 89
0.118120 219
0.353871 33
0.152209 184
0.308643 486
0.424781 350
0.828957 7
0.009273 9
0.000025 2
0.821623 294
0.000149 42
0.000030 18
0.000026 17
0.000014 10
0.000030 17
0.000013 13
0.000029 15
0.000013 11
0.000026 19
0.000013 18
0.000026 302
0.000031 10
0.000013 24
0.000037 14
0.000033 28
0.000027 13
0.000014 14
0.000028 15
0.000013 17
0.000028 12
0.000014 16
0.000027 9
0.000013 6
0.000030 8
0.000014 11
0.000027 11
0.000015 42
0.039386 46
0.278122 39
0.784526 39
3.572766 42
0.260001 41
0.257685 42
0.250905 42
0.033934 42
0.112122 42
0.108694 42
0.037133 42
0.105121 42
0.035077 42
0.105484 42
0.035362 42
0.104766 42
0.038274 42
0.107050 42
0.006607 42
0.038795 42
0.083162 42
0.026761 42
0.060062 42
0.026674 42
0.061257 42
0.025944 42
0.060661 42
0.025799 42
0.059724 42
0.003062 42
0.034632 42
0.080571 42
0.047088 42
0.069170 42
0.047012 42
0.067750 42
0.045725 42
0.066395 42
0.047286 42
0.066742 42
0.004012 42
0.117425 42
0.198183 42
0.154624 42
0.175428 42
0.155432 42
0.176057 42
0.161726 42
0.175348 41
0.155916 42
0.181780 44
1.604925 130
0.000720 79
0.084005 529
0.000028 55
0.000014 14
0.000011 12
0.000010 24
0.000014 24
0.000016 24
0.000013 24
0.000015 24
0.000017 34
0.000015 24
0.000016 2
0.000013 24
0.000015 36
0.000012 12
0.000013 24
0.000014 24
0.000014 24
0.000016 24
0.000014 34
0.000014 24
0.000014 2
0.000014 75
0.000014 12
0.000013 24
0.000012 24
0.000015 24
0.000012 24
0.000016 26
0.000014 26
0.000015 26
0.000013 25
0.000014 25
0.000015 25
0.000014 25
0.000014 25
0.000014 26
0.000014 25
0.000014 25
0.000014 25
0.000014 25
0.000015 25
0.000014 24
0.000014 24
0.000013 24
0.000014 24
0.000014 24
0.000013 15
0.000013 64
0.000014 38
0.000014 39
0.000014 37
0.000014 38
0.000014 39
0.000016 40
0.000012 20
0.000014 41
0.000015 39
0.000013 38
0.000015 38
0.000012 19
0.000014 38
0.000014 39
0.000014 35
0.000012 17
0.000013 34
0.000013 34
0.000071 163
0.000015 47
0.000014 36
0.000015 48
0.000015 80
0.000013 2
0.000345 142
0.000016 24
0.065512 165
0.402555 166
0.315329 166
0.020141 166
0.301339 166
0.148572 166
0.064020 166
0.176326 166
0.068593 166
0.151614 167
0.064794 167
0.150085 167
0.066099 167
0.128926 167
0.002669 167
0.105348 167
0.131350 167
0.059314 167
0.098639 167
0.059439 167
0.098001 167
0.058773 167
0.099396 167
0.058286 167
0.088256 167
0.002765 167
0.105469 167
0.165781 167
0.112525 167
0.134412 167
0.113795 167
0.133049 167
0.112773 167
0.131981 167
0.112786 167
0.135204 167
0.006971 167
0.222776 167
0.473718 167
0.544599 167
0.523865 167
0.482541 167
0.516579 167
0.480688 167
0.516279 166
0.490535 167
0.534737 169
0.001915 167
0.047888 1300
0.413126 1319
0.317796 1298
0.022162 1302
0.302772 1299
0.156774 1299
0.067233 1297
0.151739 1299
0.065917 1300
0.151940 1308
0.067862 1308
0.152891 1308
0.065362 1306
0.127857 1312
0.002603 503
0.000025 811
0.108106 1307
0.132029 1311
0.059277 1313
0.096932 1313
0.059985 1313
0.097488 1313
0.058411 1313
0.099766 1313
0.058960 1313
0.093626 1314
0.003478 421
0.000021 586
0.000014 306
0.111345 1311
0.169173 1314
0.116377 1237
0.134953 1237
0.113916 1237
0.132938 1237
0.114875 1237
0.133490 1237
0.115666 1237
0.180635 1237
0.008051 1313
0.225270 1237
0.464837 1237
0.510067 1313
0.513828 1313
0.495174 1313
0.516236 1313
0.510315 1313
0.535988 1313
0.497145 1313
0.514266 1313
0.001945 3287
0.000079 440
0.386696 168
0.044553 860
0.000141 7
0.001229 8
5.040772 35
0.238996 22
0.172019 41
0.166862 44
0.411711 7
0.008795 11
